-------------------------------- 4:40 -------------------------
2 25 25 25 9 25 9 27 7 7 7 5 5 5 5 5 5 7 5 7 3 4 4 4 9 2 2 2 2 3 3 4 4 4 4 2 4 4 10 10 
-------------------------------- 4:41 -------------------------
2 25 2 9 9 2 9 9 4 7 7 7 7 5 5 7 5 5 4 4 3 4 4 4 26 2 14 2 27 4 3 3 27 4 4 4 11 2 2 25 10 
-------------------------------- 4:26 -------------------------
9 2 9 25 25 4 7 4 7 7 7 3 3 7 4 7 4 4 4 4 9 2 27 2 4 27 
-------------------------------- 4:39 -------------------------
2 25 3 25 9 9 9 2 7 4 4 2 3 3 3 7 4 7 3 4 4 4 10 27 27 27 27 27 4 4 4 4 31 4 27 4 2 2 2 
-------------------------------- 4:35 -------------------------
9 9 9 9 9 9 4 7 7 5 3 5 5 5 7 7 3 3 4 4 27 27 27 27 27 27 27 4 28 11 4 4 4 2 2 
-------------------------------- 4:34 -------------------------
9 25 3 4 7 5 5 5 5 5 5 7 7 7 7 3 7 4 4 27 27 27 27 27 27 4 4 4 4 4 4 4 2 9 
-------------------------------- 4:39 -------------------------
9 9 25 9 9 9 25 25 4 7 5 5 5 5 7 7 7 7 7 7 4 4 27 4 27 2 2 27 4 4 4 4 4 4 2 10 10 25 10 
-------------------------------- 4:34 -------------------------
9 9 9 29 4 7 7 7 5 3 5 5 7 7 4 4 4 4 27 27 27 27 13 27 27 4 4 4 4 4 2 10 2 2 
-------------------------------- 4:40 -------------------------
25 25 9 2 9 26 9 27 4 4 4 3 5 5 5 7 7 7 7 7 7 7 29 4 27 27 27 27 3 3 3 27 2 4 4 28 27 2 10 2 
-------------------------------- 4:37 -------------------------
2 10 25 9 9 9 3 29 29 4 4 7 5 5 5 5 7 7 5 4 3 3 4 9 14 27 27 4 4 4 27 4 4 4 27 27 10 
-------------------------------- 4:41 -------------------------
2 25 9 9 9 9 2 7 5 5 5 5 5 5 5 5 7 7 7 4 4 27 27 27 27 27 27 27 27 27 27 27 4 4 4 28 28 2 9 2 2 
-------------------------------- 4:42 -------------------------
25 2 9 9 9 9 2 4 7 4 2 3 3 3 3 7 4 3 3 4 4 9 27 27 2 2 2 2 4 4 4 4 31 29 31 4 31 4 4 27 2 2 
-------------------------------- 4:35 -------------------------
2 25 25 3 29 7 7 7 7 7 5 7 7 7 7 7 7 7 4 4 27 27 27 4 2 27 27 4 4 4 4 27 2 2 2 
-------------------------------- 4:38 -------------------------
25 9 25 25 2 25 2 3 4 7 7 5 5 5 5 7 7 7 7 3 3 7 4 4 10 2 2 2 4 3 4 3 2 4 4 2 2 25 
-------------------------------- 4:34 -------------------------
2 25 27 4 4 4 4 3 5 5 7 7 7 3 3 4 4 4 11 4 27 2 4 4 4 4 4 4 4 4 11 10 2 2 
-------------------------------- 4:36 -------------------------
9 9 9 9 29 7 7 3 3 3 3 5 5 7 7 7 4 4 4 27 9 27 2 2 2 4 4 4 2 4 4 13 2 2 2 10 
-------------------------------- 4:36 -------------------------
2 2 9 25 9 25 4 7 7 7 5 5 3 1 3 3 7 3 7 4 5 9 27 27 4 27 27 4 4 4 4 4 4 4 27 2 
-------------------------------- 4:36 -------------------------
9 3 25 4 7 4 3 3 5 5 5 5 3 3 3 3 4 29 4 9 4 11 14 2 2 4 4 4 4 4 11 10 11 13 10 10 
-------------------------------- 4:36 -------------------------
9 9 9 3 4 7 7 7 7 3 3 5 7 7 7 7 7 3 4 10 2 4 4 4 2 4 4 4 4 4 4 4 2 2 2 2 
-------------------------------- 4:36 -------------------------
25 9 2 3 3 7 7 5 5 5 5 5 5 7 5 5 5 7 4 27 27 4 4 4 4 4 4 4 4 4 4 4 13 10 2 9 
