-------------------------------- 6:32 -------------------------
9 9 9 9 10 27 4 13 14 24 29 24 14 14 3 10 9 9 9 9 9 9 9 9 9 9 9 9 11 2 2 2 
-------------------------------- 6:33 -------------------------
9 9 9 9 9 11 27 16 13 15 13 14 13 13 16 16 1 9 9 9 9 9 9 9 9 9 9 9 9 9 9 9 2 
-------------------------------- 6:31 -------------------------
9 9 9 9 27 16 14 24 23 24 14 14 14 11 9 9 9 9 9 9 9 9 9 9 9 9 9 9 10 10 9 
-------------------------------- 6:34 -------------------------
2 9 9 9 9 11 27 11 16 16 15 14 14 14 14 16 3 9 9 9 9 9 9 9 9 9 9 9 9 9 9 9 9 10 
-------------------------------- 6:34 -------------------------
9 10 9 9 10 27 4 14 13 14 16 24 15 14 14 14 9 9 9 9 9 9 9 9 9 9 9 9 9 9 9 3 10 2 
-------------------------------- 6:33 -------------------------
9 9 9 9 9 11 4 13 14 23 13 29 14 14 14 3 3 9 9 9 9 9 9 9 9 9 9 9 9 10 9 9 10 
-------------------------------- 6:31 -------------------------
9 9 9 9 4 27 14 15 15 14 14 4 14 14 2 3 9 9 9 9 9 9 9 9 9 9 9 9 2 2 2 
-------------------------------- 6:32 -------------------------
9 9 9 9 9 9 4 4 15 15 15 31 14 15 15 14 3 9 9 9 9 9 9 9 9 9 9 9 9 9 9 2 
-------------------------------- 6:31 -------------------------
9 2 9 9 9 27 11 13 13 13 14 14 14 15 16 3 9 9 9 9 9 9 9 9 9 9 9 9 9 25 2 
-------------------------------- 6:30 -------------------------
9 9 9 2 27 4 13 13 11 16 31 14 11 24 14 9 9 9 9 9 9 9 9 9 9 9 11 9 11 9 
-------------------------------- 6:34 -------------------------
9 9 9 9 9 9 11 11 13 11 14 16 24 24 13 23 16 9 9 9 9 9 9 9 9 9 9 9 9 9 9 10 2 2 
-------------------------------- 6:36 -------------------------
2 9 9 9 9 9 9 11 11 16 16 16 16 14 15 13 14 16 3 9 9 9 9 9 9 9 9 9 9 9 11 11 27 9 27 10 
-------------------------------- 6:33 -------------------------
9 9 9 9 9 9 9 9 11 11 14 11 4 4 14 11 9 9 9 9 9 9 9 9 11 11 11 9 9 3 3 3 2 
-------------------------------- 6:34 -------------------------
3 2 2 11 9 27 27 4 14 15 15 24 24 14 11 31 3 10 9 9 9 9 9 9 11 11 11 11 27 9 27 27 10 2 
-------------------------------- 6:32 -------------------------
9 9 9 9 9 2 27 13 15 15 15 14 15 14 23 13 3 9 9 9 9 9 9 9 9 9 9 11 11 11 2 2 
-------------------------------- 6:33 -------------------------
9 9 9 9 9 27 4 11 21 21 21 23 14 4 14 14 5 3 9 11 9 9 9 9 9 9 9 9 9 3 27 10 2 
-------------------------------- 6:30 -------------------------
9 9 9 9 11 27 14 11 15 15 23 13 13 21 14 3 9 9 9 9 9 9 9 9 9 9 9 11 27 10 
-------------------------------- 6:30 -------------------------
9 9 9 27 27 11 14 15 23 24 24 14 14 11 9 9 9 9 9 9 9 9 9 11 9 9 3 11 2 2 
-------------------------------- 6:32 -------------------------
9 9 9 9 9 11 11 11 11 11 16 19 24 14 23 16 3 9 9 9 9 9 9 9 9 9 9 9 9 9 9 9 
-------------------------------- 6:32 -------------------------
9 9 9 9 9 11 11 11 13 13 23 23 14 13 23 14 9 9 9 9 9 9 9 9 9 9 9 9 9 9 9 10 
