-------------------------------- 8:35 -------------------------
4 15 15 15 15 15 21 15 15 15 15 14 24 23 4 22 31 27 12 4 4 27 27 4 28 4 4 4 4 28 4 11 11 2 10 
-------------------------------- 8:32 -------------------------
11 15 15 19 19 21 15 15 15 15 15 23 31 22 22 23 23 23 25 27 27 26 27 27 27 27 27 2 27 14 2 2 
-------------------------------- 8:33 -------------------------
15 15 15 15 15 15 15 15 15 15 15 23 14 23 23 23 24 23 4 23 15 15 15 26 27 27 27 27 10 2 2 10 2 
-------------------------------- 8:29 -------------------------
15 15 16 15 15 15 15 15 23 15 15 15 15 24 24 22 4 4 4 21 27 15 4 23 15 4 4 2 25 
-------------------------------- 8:34 -------------------------
15 13 15 15 15 15 15 15 15 15 4 15 23 23 4 4 4 4 4 4 15 4 26 26 4 4 4 4 14 2 10 2 2 2 
-------------------------------- 8:34 -------------------------
15 26 15 14 15 15 15 15 19 23 23 15 23 23 24 24 22 23 31 31 4 25 26 4 25 26 27 27 4 27 2 11 2 10 
-------------------------------- 8:33 -------------------------
15 15 15 15 16 15 16 19 15 15 15 15 23 20 22 23 22 22 23 26 26 15 26 15 27 27 27 26 27 4 11 2 2 
-------------------------------- 8:35 -------------------------
13 15 15 15 15 15 19 15 23 15 15 15 21 23 14 4 4 14 4 27 27 27 26 27 27 27 4 4 27 27 2 11 27 10 2 
-------------------------------- 8:34 -------------------------
27 15 15 15 15 15 15 15 15 15 15 15 23 23 24 4 14 14 4 10 10 11 27 28 27 11 27 4 28 4 4 27 2 10 
-------------------------------- 8:36 -------------------------
15 13 15 15 15 15 15 15 15 15 15 15 23 23 15 14 14 24 4 27 27 27 11 15 11 27 28 27 4 27 28 11 2 2 2 2 
-------------------------------- 8:35 -------------------------
15 15 15 15 15 15 15 15 23 15 15 15 14 14 4 14 23 14 14 26 27 26 4 26 27 25 27 27 11 2 2 25 2 2 2 
-------------------------------- 8:32 -------------------------
13 15 15 15 15 19 19 15 15 15 15 23 14 14 14 14 15 15 14 25 26 27 26 27 26 11 27 27 27 2 2 2 
-------------------------------- 8:33 -------------------------
4 15 15 15 15 15 15 15 19 16 15 15 15 20 24 15 14 20 15 15 27 26 26 15 26 26 28 4 4 2 27 27 2 
-------------------------------- 8:39 -------------------------
23 15 15 15 16 16 16 16 15 14 15 15 15 14 24 24 14 14 23 15 27 4 26 25 4 4 4 4 27 4 4 27 2 9 2 2 27 11 2 
-------------------------------- 8:29 -------------------------
23 23 15 15 16 16 16 16 19 15 15 15 15 24 24 31 14 14 24 26 26 15 26 26 26 28 27 10 2 
-------------------------------- 8:32 -------------------------
15 15 15 19 15 16 14 15 23 15 15 21 15 31 14 31 24 14 25 27 27 27 27 28 4 27 11 11 2 4 11 2 
-------------------------------- 8:41 -------------------------
13 15 15 15 15 15 16 16 16 15 23 15 15 21 24 4 14 14 29 26 27 4 4 4 4 27 27 4 4 2 11 14 2 11 27 11 10 2 10 10 2 
-------------------------------- 8:33 -------------------------
13 31 14 15 15 15 15 15 15 14 15 21 15 23 21 24 15 24 4 27 27 27 27 27 27 4 28 27 11 11 27 2 2 
-------------------------------- 8:34 -------------------------
4 15 15 15 16 15 15 15 15 15 15 15 15 23 24 24 14 14 31 26 11 15 26 15 26 11 27 27 10 2 2 10 2 2 
-------------------------------- 8:34 -------------------------
10 13 4 15 15 15 15 14 15 15 15 15 15 15 15 15 15 15 14 14 26 26 26 26 27 27 27 27 27 27 10 2 2 2 
