-------------------------------- 9:42 -------------------------
4 31 24 14 14 14 14 14 4 27 2 2 2 2 9 9 11 16 16 16 15 15 15 24 31 31 4 14 24 31 31 31 31 31 28 28 28 28 11 10 10 2 
-------------------------------- 9:37 -------------------------
10 31 11 24 14 14 27 27 2 27 27 26 9 16 11 16 15 14 31 14 31 31 24 31 31 31 4 4 31 31 31 31 4 28 11 2 9 
-------------------------------- 9:37 -------------------------
25 4 14 24 16 24 14 4 3 2 27 26 15 15 15 15 15 14 14 31 31 31 24 24 24 31 31 4 4 31 31 31 31 14 27 4 2 
-------------------------------- 9:36 -------------------------
11 28 14 24 24 14 4 4 27 27 26 26 11 15 15 15 15 15 14 31 31 31 4 31 24 32 31 31 4 31 31 31 28 28 11 2 
-------------------------------- 9:39 -------------------------
11 31 14 14 24 24 14 4 4 2 2 9 9 11 14 15 15 15 14 14 14 31 31 31 31 31 31 31 31 31 32 31 31 28 28 25 10 2 2 
-------------------------------- 9:37 -------------------------
31 12 14 24 24 14 27 27 27 10 27 27 26 15 15 15 15 15 14 31 31 31 31 31 31 31 4 31 31 31 4 28 31 27 4 2 9 
-------------------------------- 9:38 -------------------------
2 4 4 14 20 23 4 2 3 27 27 27 26 15 11 15 15 15 24 14 14 14 14 31 31 31 31 4 31 32 31 31 28 31 4 28 2 2 
-------------------------------- 9:37 -------------------------
4 31 4 20 20 24 4 2 2 26 9 11 11 16 15 15 15 15 24 14 14 31 31 31 31 4 31 31 31 4 28 31 28 28 27 2 2 
-------------------------------- 9:37 -------------------------
4 28 14 14 14 14 14 27 27 27 27 26 26 15 15 15 15 15 14 14 14 31 31 31 31 31 31 31 31 31 4 31 14 28 4 10 2 
-------------------------------- 9:35 -------------------------
27 27 14 24 14 4 27 27 27 27 27 26 15 15 15 15 15 14 14 14 31 4 4 4 31 31 31 4 31 31 28 28 4 27 10 
-------------------------------- 9:39 -------------------------
4 31 4 14 14 24 14 14 14 27 27 2 2 27 27 11 15 15 15 15 14 14 31 31 31 24 31 31 4 4 31 31 4 31 27 28 27 2 2 
-------------------------------- 9:35 -------------------------
4 28 27 11 14 14 27 27 27 27 26 26 15 15 15 15 21 15 31 14 14 31 31 31 31 31 31 31 28 4 28 28 11 2 9 
-------------------------------- 9:34 -------------------------
11 28 24 14 14 27 27 27 27 27 26 26 11 15 15 15 14 14 14 31 31 31 31 31 31 24 31 31 12 31 28 11 10 2 
-------------------------------- 9:33 -------------------------
28 14 16 24 24 4 4 25 27 27 26 26 15 15 15 15 14 14 14 14 4 24 31 31 31 4 4 4 28 28 4 10 2 
-------------------------------- 9:35 -------------------------
28 31 31 31 12 14 31 4 27 27 27 27 27 27 11 15 15 23 31 14 14 24 16 24 31 31 4 4 4 4 4 28 28 27 10 
-------------------------------- 9:36 -------------------------
11 31 31 12 16 14 14 4 4 27 27 27 26 26 15 15 15 15 14 12 14 14 31 31 31 31 31 28 4 31 28 28 28 4 27 2 
-------------------------------- 9:38 -------------------------
2 4 4 27 14 14 14 14 27 27 27 11 27 11 11 15 15 15 15 16 14 14 31 4 4 4 31 31 31 31 4 28 4 4 28 28 27 10 
-------------------------------- 9:39 -------------------------
26 27 11 2 27 4 4 31 31 4 4 25 27 27 27 9 11 16 16 16 16 14 14 14 24 31 24 31 31 31 4 4 4 4 4 27 2 10 2 
-------------------------------- 9:37 -------------------------
2 28 28 14 14 23 23 23 4 4 4 2 26 27 11 15 15 15 15 16 16 14 14 14 31 31 31 31 31 31 4 28 14 11 27 2 9 
-------------------------------- 9:38 -------------------------
2 4 14 20 23 14 14 13 27 2 2 25 27 26 26 15 15 15 23 14 14 14 14 14 31 31 31 31 31 31 31 31 28 27 27 27 10 3 
