-------------------------------- 7:37 -------------------------
2 9 9 9 9 27 4 27 13 13 13 11 11 10 27 11 11 11 10 11 11 11 11 14 28 28 4 4 14 12 28 4 28 27 11 11 2 
-------------------------------- 7:37 -------------------------
9 9 9 9 9 11 27 27 27 2 2 4 4 27 27 27 11 9 9 10 11 11 11 11 11 14 12 31 27 28 27 27 11 27 27 2 2 
-------------------------------- 7:40 -------------------------
9 9 9 9 9 9 27 11 2 27 2 4 2 27 27 27 27 11 9 9 11 11 11 12 27 27 31 14 31 27 4 28 4 14 27 10 2 10 10 9 
-------------------------------- 7:37 -------------------------
9 9 9 9 9 9 27 27 11 13 2 2 4 27 27 27 27 27 27 11 11 11 11 11 12 14 28 28 28 31 31 28 4 11 2 2 2 
-------------------------------- 7:37 -------------------------
9 9 9 9 2 11 2 27 9 9 2 27 27 27 27 27 27 27 11 11 11 11 11 11 14 31 28 27 27 31 4 28 28 27 10 13 9 
-------------------------------- 7:36 -------------------------
2 9 9 9 9 11 27 10 10 10 13 27 27 27 27 27 9 9 11 11 11 11 11 28 14 12 11 28 31 31 14 27 27 2 10 2 
-------------------------------- 7:37 -------------------------
9 9 9 9 9 9 27 27 9 9 2 2 27 27 27 27 27 11 27 10 11 11 11 27 28 27 27 27 27 31 31 28 4 4 27 2 2 
-------------------------------- 7:19 -------------------------
9 9 9 9 9 27 27 2 2 2 4 4 4 27 27 27 27 27 11 
-------------------------------- 7:38 -------------------------
9 9 9 9 9 2 2 27 2 2 2 27 27 27 27 27 9 9 10 27 11 11 11 11 27 31 28 27 4 28 27 28 28 28 28 27 11 2 
-------------------------------- 7:37 -------------------------
9 9 9 9 9 27 2 9 10 27 27 27 4 27 27 27 27 13 14 14 11 27 11 14 14 31 27 27 28 31 31 4 11 4 27 10 2 
-------------------------------- 7:33 -------------------------
9 9 11 27 27 2 2 2 4 4 27 27 27 27 11 27 27 11 11 16 27 27 14 12 4 27 31 4 28 28 11 10 2 
-------------------------------- 7:37 -------------------------
9 9 9 9 9 9 11 2 27 13 2 4 27 27 27 27 11 11 9 11 11 11 14 11 14 27 27 27 27 4 28 28 28 28 28 10 2 
-------------------------------- 7:38 -------------------------
9 1 9 9 9 9 25 27 2 2 2 2 25 27 27 27 27 10 10 27 11 11 16 16 11 14 28 14 14 11 28 28 28 14 4 2 13 2 
-------------------------------- 7:33 -------------------------
9 9 27 27 13 13 2 2 27 27 27 27 9 10 11 11 11 11 11 11 27 28 27 27 27 27 28 4 28 28 28 11 10 
-------------------------------- 7:37 -------------------------
9 9 9 9 9 9 27 13 2 2 2 2 27 27 27 27 27 10 11 27 11 11 11 14 28 14 14 28 11 27 28 27 27 28 11 2 2 
-------------------------------- 7:34 -------------------------
9 9 9 11 4 27 13 13 2 2 2 27 27 27 27 11 27 11 11 11 11 27 27 11 27 27 27 27 4 28 2 27 2 2 
-------------------------------- 7:38 -------------------------
9 9 9 9 27 3 27 27 27 11 27 27 27 10 9 9 9 11 11 11 11 11 14 27 28 31 12 28 27 27 27 28 28 27 2 27 2 2 
-------------------------------- 7:34 -------------------------
9 2 27 27 13 13 13 4 4 4 27 27 27 11 11 27 11 11 14 11 11 12 14 11 27 27 27 28 28 28 28 2 11 10 
-------------------------------- 7:39 -------------------------
9 9 9 2 11 11 4 27 2 13 13 13 4 4 27 27 11 27 27 27 11 27 11 11 14 31 31 27 27 28 28 28 28 28 28 2 26 10 2 
-------------------------------- 7:36 -------------------------
9 9 9 9 25 27 27 13 13 13 2 4 4 27 27 27 10 27 27 11 11 11 11 14 31 31 28 27 28 4 28 28 28 28 27 2 
