-------------------------------- 0:40 -------------------------
27 28 27 27 27 31 12 14 14 19 19 19 16 16 14 14 2 3 3 5 7 7 7 4 4 29 8 4 4 7 7 7 4 4 29 4 4 2 2 10 
-------------------------------- 0:34 -------------------------
10 12 4 31 31 12 12 24 24 23 23 24 31 31 13 4 3 4 7 7 7 29 29 4 4 4 7 29 4 4 4 4 11 2 
-------------------------------- 0:24 -------------------------
31 4 27 27 27 27 11 24 20 16 24 24 14 31 14 2 4 3 4 29 7 29 29 29 
-------------------------------- 0:35 -------------------------
28 4 12 27 27 27 4 12 11 11 24 24 24 31 14 13 3 3 5 7 4 7 4 29 29 29 4 4 4 29 4 2 2 2 13 
-------------------------------- 0:35 -------------------------
2 31 4 4 4 27 27 14 24 20 19 16 14 27 4 2 7 7 29 29 7 7 31 4 4 4 4 4 4 2 4 4 4 2 2 
-------------------------------- 0:37 -------------------------
27 27 4 4 4 4 12 31 24 31 23 23 31 31 23 2 3 3 7 4 7 29 29 4 29 4 7 29 4 4 29 29 4 4 2 2 2 
-------------------------------- 0:39 -------------------------
28 4 27 27 27 27 14 12 14 4 24 23 23 23 4 14 13 3 3 7 7 7 7 7 29 4 4 4 4 2 4 4 4 4 2 2 2 2 10 
-------------------------------- 0:39 -------------------------
27 4 4 27 27 31 27 28 14 20 20 23 23 23 14 14 4 4 3 4 7 4 4 29 4 4 29 29 4 4 4 4 2 2 4 4 4 2 2 
-------------------------------- 0:48 -------------------------
28 28 27 4 27 12 27 12 31 14 14 14 14 14 14 22 4 4 4 3 7 3 4 4 4 4 4 7 7 7 29 4 4 4 4 2 10 25 2 11 27 28 10 10 10 10 2 2 
-------------------------------- 0:37 -------------------------
4 4 27 27 12 12 27 12 12 24 20 24 24 31 14 23 4 4 3 7 29 29 29 29 29 4 4 4 4 2 4 4 2 4 4 2 10 
-------------------------------- 0:34 -------------------------
27 4 27 27 27 27 12 12 19 24 15 24 4 23 4 4 7 7 7 7 29 29 7 7 7 4 7 4 4 13 27 2 2 2 
-------------------------------- 0:36 -------------------------
2 4 27 27 27 27 12 12 24 24 14 24 24 14 14 4 3 3 3 7 6 7 8 29 7 7 7 4 4 4 4 4 27 2 2 2 
-------------------------------- 0:35 -------------------------
4 31 27 27 27 31 27 12 16 24 20 20 14 15 26 4 4 4 4 4 7 7 7 4 7 7 7 29 29 7 29 4 4 2 2 
-------------------------------- 0:39 -------------------------
28 4 27 27 27 31 4 31 31 14 23 23 24 24 4 23 29 4 3 3 7 7 7 4 4 4 4 7 7 4 2 4 4 2 2 11 4 2 10 
-------------------------------- 0:38 -------------------------
11 31 27 12 12 12 12 12 12 24 14 14 12 12 14 2 29 4 7 7 4 4 4 4 4 7 7 4 4 4 4 29 4 4 2 10 2 2 
-------------------------------- 0:38 -------------------------
10 10 27 31 27 27 4 27 31 23 24 24 20 24 24 14 23 4 4 3 5 7 7 7 29 4 7 7 7 4 4 4 4 4 2 2 2 10 
-------------------------------- 0:38 -------------------------
2 28 12 27 27 27 4 28 12 12 16 24 24 14 14 14 4 4 4 7 3 7 7 7 7 4 4 7 4 29 4 4 4 4 10 2 2 2 
-------------------------------- 0:37 -------------------------
4 4 27 27 28 28 12 12 14 13 23 23 24 31 31 4 4 4 3 3 7 4 7 29 4 4 4 3 3 4 4 4 14 4 4 2 2 
-------------------------------- 0:37 -------------------------
2 4 4 27 27 27 12 12 12 16 14 23 23 24 11 27 13 4 3 5 3 4 7 7 4 4 3 7 7 4 2 4 4 11 11 2 2 
-------------------------------- 0:37 -------------------------
2 2 4 31 27 27 27 28 12 12 24 24 24 24 24 24 31 27 4 3 3 3 4 29 7 29 7 7 4 7 4 4 4 4 11 2 4 
