-------------------------------- 5:40 -------------------------
25 9 10 10 10 2 9 3 5 1 1 1 1 1 13 13 15 16 15 16 14 15 15 31 31 31 14 27 27 27 27 27 27 27 27 4 4 28 13 2 
-------------------------------- 5:37 -------------------------
9 9 9 9 9 9 9 3 5 1 1 5 2 9 13 11 14 15 15 15 31 31 31 14 27 11 11 27 27 27 2 25 25 27 2 2 2 
-------------------------------- 5:40 -------------------------
2 2 9 9 10 25 9 3 1 1 1 1 13 13 13 16 16 16 16 11 14 15 31 31 11 27 27 27 27 27 4 2 25 3 4 4 2 2 2 10 
-------------------------------- 5:32 -------------------------
3 7 1 5 1 5 13 13 13 14 13 23 15 15 14 14 14 31 14 27 27 27 27 27 27 27 27 27 27 10 2 2 
-------------------------------- 5:41 -------------------------
9 25 9 9 9 10 10 13 5 1 1 1 1 13 2 4 15 4 14 15 15 14 14 15 31 31 11 27 11 11 10 11 11 11 11 13 10 9 2 2 2 
-------------------------------- 5:33 -------------------------
2 3 1 1 1 3 2 13 13 13 23 15 15 15 31 14 14 14 14 28 31 4 11 11 12 12 4 2 4 27 2 2 2 
-------------------------------- 5:32 -------------------------
10 2 5 5 5 5 13 13 13 23 23 23 15 15 14 14 15 14 31 14 11 14 12 12 16 16 11 14 2 2 2 2 
-------------------------------- 5:39 -------------------------
10 2 10 9 9 9 10 3 1 1 1 1 3 9 13 13 14 16 15 15 15 15 14 4 31 28 14 12 27 12 12 12 12 10 9 9 9 10 10 
-------------------------------- 5:33 -------------------------
9 2 4 5 5 5 3 3 9 13 13 11 16 15 15 15 15 15 15 15 15 28 27 27 26 26 26 26 27 27 2 2 10 
-------------------------------- 5:30 -------------------------
2 3 1 1 1 1 3 13 14 14 14 14 15 15 15 26 14 14 28 27 28 10 27 10 27 27 10 10 25 10 
-------------------------------- 5:32 -------------------------
2 3 3 1 1 3 2 2 2 14 14 12 16 11 11 14 14 14 28 14 14 14 14 14 16 10 11 2 10 9 2 2 
-------------------------------- 5:31 -------------------------
3 25 1 3 3 1 1 3 10 13 14 11 11 14 14 15 27 27 4 31 28 27 27 27 25 27 27 27 28 2 2 
-------------------------------- 5:38 -------------------------
10 9 10 10 9 9 27 3 1 1 1 3 3 4 4 4 4 14 14 15 14 31 4 27 14 28 12 14 12 14 27 11 13 4 27 2 2 10 
-------------------------------- 5:40 -------------------------
25 9 25 9 25 9 25 3 3 1 5 1 1 3 2 2 4 4 15 15 14 27 4 4 31 31 27 27 27 27 12 12 11 27 27 27 4 2 2 9 
-------------------------------- 5:31 -------------------------
2 2 6 5 5 1 3 3 27 14 14 14 15 15 26 31 31 31 14 27 28 26 26 27 27 27 25 25 10 9 9 
-------------------------------- 5:31 -------------------------
9 9 9 3 1 1 1 1 3 2 2 14 15 14 15 14 4 15 14 28 26 26 26 27 27 27 27 27 25 2 2 
-------------------------------- 5:37 -------------------------
2 9 9 9 9 9 9 3 1 1 1 3 25 2 13 15 14 14 15 15 14 4 28 28 27 27 26 10 27 27 26 27 27 27 10 25 2 
-------------------------------- 5:36 -------------------------
10 9 10 9 25 9 3 5 1 1 1 1 2 13 23 13 4 15 11 27 31 31 27 27 11 27 11 11 27 4 2 4 2 10 2 2 
-------------------------------- 5:37 -------------------------
25 9 9 9 9 9 9 3 1 1 5 2 2 13 11 14 14 14 11 26 15 31 31 27 27 27 27 27 27 27 11 4 4 4 28 10 2 
-------------------------------- 5:36 -------------------------
9 2 25 25 25 9 9 2 5 1 1 1 2 9 9 9 16 16 16 16 14 31 31 15 15 26 15 26 15 26 4 4 2 2 2 2 
