-------------------------------- 2:30 -------------------------
27 14 13 5 7 29 7 7 4 29 4 4 4 4 4 30 30 29 4 4 29 4 4 4 4 4 4 10 2 2 
-------------------------------- 2:28 -------------------------
4 29 29 29 4 4 29 29 29 29 29 4 29 29 29 4 4 29 4 4 4 4 4 11 28 2 9 2 
-------------------------------- 2:32 -------------------------
27 4 4 4 4 29 29 4 29 29 29 29 4 4 4 29 4 4 4 4 4 29 29 4 29 29 4 28 4 2 2 10 
-------------------------------- 2:33 -------------------------
9 27 4 4 29 29 4 4 4 29 4 4 4 4 4 29 29 4 31 29 4 4 4 4 4 29 4 28 14 14 2 2 2 
-------------------------------- 2:39 -------------------------
25 4 4 4 4 4 4 7 4 4 7 7 4 29 29 4 8 29 29 4 4 4 4 4 31 4 4 4 4 27 27 11 10 9 27 2 2 10 10 
-------------------------------- 2:35 -------------------------
27 4 29 4 7 4 4 31 31 31 31 29 29 29 4 4 4 4 31 4 30 4 4 4 4 4 28 28 4 11 27 2 10 2 2 
-------------------------------- 2:31 -------------------------
26 27 29 4 4 29 31 4 4 31 31 4 4 31 4 31 30 29 4 31 4 4 29 29 4 28 4 28 4 2 2 
-------------------------------- 2:35 -------------------------
9 4 4 31 29 4 4 31 4 31 31 31 29 29 4 4 4 4 4 29 31 31 31 4 4 29 29 29 4 4 28 4 13 11 2 
-------------------------------- 2:35 -------------------------
27 4 7 4 4 4 4 4 4 29 29 4 4 4 29 29 29 31 29 29 31 4 4 4 29 4 4 31 4 28 4 28 27 2 10 
-------------------------------- 2:31 -------------------------
27 4 4 4 4 4 29 29 29 29 29 4 4 29 29 30 30 4 4 31 4 4 29 29 4 28 14 4 28 2 2 
-------------------------------- 2:33 -------------------------
15 4 4 4 4 4 4 4 29 29 29 29 29 4 4 4 4 4 4 4 31 30 29 29 29 4 31 4 4 14 27 2 2 
-------------------------------- 2:35 -------------------------
9 27 4 4 4 4 4 31 29 4 4 4 4 4 4 4 4 4 4 4 4 29 4 4 4 4 4 4 4 4 4 11 27 2 2 
-------------------------------- 2:34 -------------------------
27 4 4 4 7 4 4 4 31 31 31 29 31 31 4 4 4 31 4 29 31 31 4 29 29 29 31 31 4 4 4 11 2 25 
-------------------------------- 2:34 -------------------------
2 26 4 4 4 7 4 4 29 4 4 29 4 7 29 4 4 29 29 29 31 4 4 31 29 29 29 4 4 31 4 11 27 2 
-------------------------------- 2:35 -------------------------
9 25 3 29 29 7 7 7 7 4 4 4 4 31 29 29 29 29 29 30 30 31 4 31 29 4 4 4 4 11 4 2 2 10 9 
-------------------------------- 2:36 -------------------------
26 25 4 4 4 4 31 4 4 4 29 29 31 29 4 4 4 4 4 4 4 4 4 31 4 29 4 4 4 4 29 11 4 27 10 9 
-------------------------------- 2:37 -------------------------
11 27 4 4 4 4 4 4 31 4 4 31 29 4 29 29 29 29 29 29 4 4 31 30 31 4 4 4 4 4 4 28 11 27 28 13 25 
-------------------------------- 2:35 -------------------------
31 14 29 29 4 29 29 29 29 4 29 29 29 29 4 4 29 29 4 31 30 31 4 29 29 29 29 31 4 4 4 14 10 27 2 
-------------------------------- 2:36 -------------------------
25 27 4 4 4 7 4 4 4 4 4 4 29 4 29 29 29 29 30 30 31 4 4 32 29 4 4 4 4 4 4 4 13 2 2 2 
-------------------------------- 2:34 -------------------------
27 4 4 4 4 4 4 4 29 29 29 29 29 29 4 4 4 4 29 31 30 31 31 4 4 4 4 4 4 4 4 10 2 2 
