-------------------------------- 3:33 -------------------------
10 27 3 3 4 28 11 15 15 14 23 24 24 24 23 23 20 24 24 23 14 4 23 14 29 24 29 4 28 4 4 2 10 
-------------------------------- 3:36 -------------------------
27 27 11 2 4 27 16 16 24 24 21 21 20 20 20 23 23 14 20 24 24 23 4 24 23 29 4 4 4 4 4 28 10 2 2 2 
-------------------------------- 3:37 -------------------------
9 27 27 27 4 4 27 14 14 23 23 23 23 23 14 23 24 23 23 23 23 24 23 23 4 23 23 29 4 28 4 31 4 2 2 2 2 
-------------------------------- 3:27 -------------------------
10 27 27 2 3 11 16 16 16 24 24 24 24 24 14 23 20 23 23 23 23 14 24 24 23 4 14 
-------------------------------- 3:36 -------------------------
9 10 11 2 4 31 11 11 24 24 24 24 24 24 24 20 20 20 24 23 23 24 14 23 29 24 29 29 4 28 4 4 2 2 10 2 
-------------------------------- 3:37 -------------------------
9 10 27 27 4 31 27 31 14 14 14 24 23 23 23 23 21 23 23 24 24 14 4 4 24 24 24 29 4 4 4 4 27 27 2 2 10 
-------------------------------- 3:37 -------------------------
27 27 27 27 4 27 11 11 24 24 31 31 31 24 23 23 23 23 23 23 20 24 14 24 23 4 24 24 29 4 4 4 4 27 2 2 10 
-------------------------------- 3:37 -------------------------
3 10 3 27 27 4 27 11 14 14 23 31 23 20 23 23 23 23 23 23 23 23 14 4 31 4 31 24 23 23 28 4 4 14 27 11 26 
-------------------------------- 3:38 -------------------------
10 10 27 4 4 27 14 15 15 22 21 22 22 22 20 20 23 23 20 20 23 14 22 24 23 14 4 28 28 4 4 2 2 2 10 27 10 2 
-------------------------------- 3:34 -------------------------
2 10 10 27 27 26 15 15 15 15 23 23 23 23 23 22 23 23 23 23 23 23 4 24 14 23 4 4 4 28 11 27 9 2 
-------------------------------- 3:33 -------------------------
2 10 27 27 4 27 16 15 15 15 21 21 21 21 23 23 22 24 23 23 22 24 14 23 24 23 4 31 4 4 11 2 2 
-------------------------------- 3:33 -------------------------
9 9 27 27 26 31 27 11 15 15 21 22 22 22 20 22 23 23 23 23 23 23 14 24 23 14 4 4 28 28 4 4 25 
-------------------------------- 3:34 -------------------------
27 27 27 3 4 27 16 16 15 21 15 15 31 24 24 23 20 20 23 23 23 23 31 24 23 31 14 31 4 4 11 2 2 2 
-------------------------------- 3:36 -------------------------
27 10 27 11 4 4 16 16 24 16 14 14 24 24 24 24 24 23 23 20 17 20 31 31 20 24 23 29 4 4 4 14 4 27 27 2 
-------------------------------- 3:36 -------------------------
10 10 27 27 7 27 16 16 15 15 15 14 23 23 23 22 23 23 22 23 14 23 14 24 24 29 29 14 28 4 4 11 27 10 9 2 
-------------------------------- 3:35 -------------------------
27 10 27 27 14 27 11 14 14 15 15 24 23 23 22 22 23 23 20 14 14 22 22 24 31 31 31 24 14 14 4 11 2 2 10 
-------------------------------- 3:34 -------------------------
10 10 27 27 27 27 14 15 15 15 15 15 22 23 23 24 23 23 22 23 24 23 31 4 20 23 23 24 15 11 14 27 10 2 
-------------------------------- 3:35 -------------------------
9 10 10 10 28 4 11 15 15 15 24 14 23 24 23 23 23 23 20 22 22 22 23 31 23 23 23 29 31 27 4 4 27 2 2 
-------------------------------- 3:36 -------------------------
10 10 10 27 27 27 28 14 15 15 20 20 20 24 24 20 23 23 24 24 24 23 24 24 23 23 14 4 4 4 14 4 10 10 2 2 
-------------------------------- 3:34 -------------------------
10 10 10 27 7 27 16 15 23 23 23 23 23 23 14 23 23 20 20 24 4 14 14 4 14 4 4 28 28 4 11 2 11 2 
